54937.781831000000 -11.613818 3.728383
54937.844194999998 -11.514975 3.726054
54938.717284999999 -10.649581 3.723922
54938.779610999998 -13.833938 3.736038
54940.650506999998 -12.942264 3.893427
54940.712869000003 -13.016221 3.727769
54940.775242999996 -12.053380 3.919652
54940.837636999997 -9.362537 3.824876
54941.773045000002 -12.372699 3.719444
54941.835407999999 -12.360257 3.844946
54942.646121999998 -12.630505 3.725934
54942.770852000001 -12.260019 3.721371
54942.833221000001 -11.729177 3.721312
54942.895591000000 -11.111935 4.039938
54943.706303999999 -11.468583 3.731368
54943.768652999999 -12.665740 3.720423
54943.831008000001 -13.344498 3.728214
